	loc = [[43.1929183840001,-77.7051509049999],
		[43.1486952839999,-77.637099746],
		[40.8498892050001,-73.8458902189999],
		[44.7004430440001,-73.469419865],
		[42.304154699,-75.395469023],
		[40.8936971709999,-73.8611911889999],
		[40.769820607,-73.987401899],
		[40.989118403,-73.709352221],
		[40.804922543,-73.961590352],
		[40.841052882,-73.9406865219999],
		[40.7645499400001,-73.9543322619999],
		[43.005060871,-78.176631857],
		[40.6548418790001,-73.944227854],
		[40.710516788,-74.0052978259999],
		[40.742046904,-73.9739293339999],
		[40.6898734210001,-73.9977657139999],
		[43.2216117819999,-77.9445751089999],
		[40.9689135340001,-73.8861469249999],
		[41.016808681,-73.7515054959998],
		[42.34748774,-77.663097906],
		[40.9292560199999,-73.8976946769999],
		[42.65080818,-73.7719445949999],
		[42.9092085090001,-78.8752090149998],
		[40.6030640290001,-74.091820247],
		[40.7406974780001,-73.6430083989998],
		[40.7900043679999,-73.929127347],
		[44.267245032,-73.9818692809999],
		[40.788305433,-73.9307691749999],
		[42.6952551410001,-74.922955574],
		[42.1353507900001,-76.9695177679999],
		[40.733104806,-73.98177078],
		[40.940386069,-73.8916523939999],
		[42.558488615,-79.125838747],
		[42.091950345,-76.7984344959999],
		[41.4018712419999,-73.9771370389999],
		[43.0133403009999,-78.1978739519999],
		[42.344052413,-77.3475091889998],
		[42.9510926279999,-78.812150388],
		[42.901237439,-77.2696360639998],
		[41.5436212820001,-73.963377452],
		[41.237018806,-73.9292820429999],
		[40.8673486579999,-73.9063820859999],
		[40.7368814710001,-73.9770792699999],
		[43.0388311979999,-76.138954177],
		[40.607922847,-74.0241864339999],
		[40.6906466670001,-73.7686757679999],
		[42.9192320249999,-78.867111101],
		[42.654490713,-73.7802028539999],
		[40.743874467,-73.4967475659999],
		[40.6852366079999,-73.421145351],
		[42.9184178300001,-78.868002387],
		[40.685766038,-73.422632514],
		[41.2663913170001,-73.620717514],
		[43.0581304689999,-73.7853960599999],
		[40.8424020360001,-73.9445483869998],
		[40.8936757390001,-73.3086930489998],
		[42.959065174,-74.1871229249999],
		[42.086315553,-75.9144437979999],
		[42.089932623,-78.42783855],
		[41.7402919310001,-75.047415509],
		[42.09116724,-79.245365836],
		[42.091272241,-79.232120311],
		[40.770302143,-73.942143877],
		[42.7805450930001,-78.7725727879999],
		[41.717838388,-73.9277093529999],
		[40.9091944549999,-73.115678223],
		[41.0748475410001,-73.799972237],
		[43.0559330749999,-76.1500616719998],
		[40.847188517,-73.8398582849999],
		[40.8465936520001,-73.8385019929999],
		[42.1058249980001,-75.8682684909999],
		[42.0916112720001,-76.7950497129999],
		[42.8238695260001,-78.731549294],
		[40.656485511,-73.9391347489999],
		[43.123312639,-77.6105796469999],
		[43.096733423,-75.2758937689998],
		[43.1674367270001,-75.302321491],
		[43.100161128,-75.2600873189999],
		[43.045193754,-76.1405444509999],
		[41.405671719,-74.3925228049998],
		[40.741139509,-73.7315252989998],
		[40.7455367530001,-73.725743209],
		[42.9290948909999,-78.880257623],
		[42.954417453,-74.216064],
		[43.2885599470001,-78.7083169569999],
		[40.582015046,-74.0806172719999],
		[42.6559677230001,-73.8036559739999],
		[42.2129224720001,-78.2878633839999],
		[42.6534080579999,-73.7766574569998],
		[42.900868413,-78.8662097609998],
		[43.0821714329999,-75.2661120319999],
		[40.8171730529999,-73.924376651],
		[42.6458106669999,-73.7801146439999],
		[42.8475014320001,-78.8119710349999],
		[42.928436892,-78.8484586449998],
		[42.1466535579999,-74.6420692679999],
		[42.977595445,-78.8801177719999],
		[41.6938589390001,-73.9357861139998],
		[42.5089639890001,-78.6585668999999],
		[42.9250771000001,-78.8311457679998],
		[42.9143043600001,-78.7824015429999],
		[42.8992050969999,-78.8648869469999],
		[44.215377001,-73.5955246459999],
		[43.8495251339999,-73.4370239929999],
		[44.345041036,-74.1431367609998],
		[43.0715861050001,-74.3319217269999],
		[44.856735149,-74.2912924769999],
		[42.9986500750001,-78.1811128779999],
		[43.965043482,-75.914557899],
		[43.0442400370001,-74.8474931649999],
		[44.3377087659999,-75.9205080519999],
		[43.7957902050001,-75.4991180649999],
		[42.8134350859999,-75.5434049639999],
		[43.135291204,-77.60599645],
		[43.192241133,-77.586814488],
		[43.98725597,-75.594091308],
		[43.1228088730001,-77.624259428],
		[43.112997676,-77.6179916679999],
		[40.594546587,-73.6522284889999],
		[40.6811275040001,-73.686299199],
		[40.7776359200001,-73.7016109439999],
		[40.726255513,-73.5537380149999],
		[42.1224210809999,-77.9509013039999],
		[40.8108742869999,-73.508666051],
		[40.72677129,-73.4787181949999],
		[40.688513031,-73.6316038099999],
		[40.7749542290001,-73.4785347069998],
		[40.650997995,-73.6308394379999],
		[42.0913864290001,-75.936934977],
		[43.1773710769999,-78.6711442809999],
		[42.114199392,-75.95852351],
		[43.093920823,-79.0497101309999],
		[42.464416182,-78.9437136909999],
		[43.025418009,-78.86234244],
		[40.8047547319999,-73.6705896829999],
		[43.154184019,-79.0324307239998],
		[43.2291343300001,-75.4423549919999],
		[43.0910097209999,-75.2581171249999],
		[43.0080376670001,-76.167902182],
		[43.0418973170001,-76.1398304629999],
		[43.0412991709999,-76.1383940129999],
		[42.959700836,-77.136515747],
		[42.9413530910001,-76.5643682469999],
		[42.876460481,-76.9877683699999],
		[41.503424849,-74.014565578],
		[42.479945141,-79.3345946019999],
		[41.435251362,-74.0423211399999],
		[42.8760149579999,-77.2902443039998],
		[41.261362921,-74.357462149],
		[41.3676357000001,-74.681597186],
		[41.441914083,-74.368312265],
		[43.4540165710001,-76.5163776499999],
		[42.4577933240001,-75.0521534749999],
		[42.328698129,-79.569808768],
		[42.1001494189999,-76.827759865],
		[42.5411593150001,-75.52579862],
		[42.352458754,-76.8599705849999],
		[42.1406003629999,-77.047410395],
		[41.382627122,-73.6629757139999],
		[42.7427205070001,-73.6764239669999],
		[42.733292485,-73.6721639959998],
		[41.2143072320001,-73.988344716],
		[41.0962114710001,-73.9260181319999],
		[42.2463447669999,-73.7774525259999],
		[41.1115957769999,-74.134811424],
		[42.313873273,-77.6606131039999],
		[40.613770992,-73.948710782],
		[41.159075566,-74.0380618399999],
		[40.51656928,-74.1964660899999],
		[44.6915906529999,-75.4998877799998],
		[44.337525348,-75.474848725],
		[44.93623403,-74.9087400859999],
		[44.676510623,-74.982116316],
		[44.16240704,-75.0563040219999],
		[43.085880219,-73.796782733],
		[42.80485019,-73.9157910069998],
		[42.820171418,-73.9163125009998],
		[42.6869295010001,-74.481798662],
		[40.7800571880001,-72.977140649],
		[40.8850597349999,-72.379944064],
		[41.11036057,-72.3611273189999],
		[40.7642743170001,-73.9565955169999],
		[42.608831468,-76.1873216989998],
		[40.8793292410001,-73.4161995319999],
		[40.725960148,-73.2411586379999],
		[40.934263985,-72.673624949],
		[40.9466312260001,-73.060963223],
		[41.7090607860001,-74.7375243989998],
		[42.7927689850001,-73.8789547159999],
		[40.868500186,-73.2229967279998],
		[40.856298357,-73.847512147],
		[42.4689850720001,-76.5374841609999],
		[40.693880129,-73.294394616],
		[41.9214941569999,-73.9996871219999],
		[41.9266584069999,-73.9948420669999],
		[41.732629792,-74.3790349749999],
		[43.3066293850001,-73.6463127439999],
		[41.02559431,-73.769305098],
		[43.060499378,-77.101669912],
		[40.8441835639999,-73.835355088],
		[41.014392248,-73.861919649],
		[41.1970540820001,-73.7257007519999],
		[41.109007055,-73.8630877639999],
		[40.942090871,-73.8365642029999],
		[42.6714006660001,-77.061199575],
		[40.831714789,-73.9040569839999],
		[41.0860907520001,-73.8049547749998],
		[40.880079256,-73.879826699],
		[40.8479898869999,-73.8439416259999],
		[40.8803656010001,-73.881057106],
		[42.754300035,-78.131072504],
		[40.6552691019999,-73.9125565319998],
		[40.6905725080001,-73.9778837649999],
		[40.8407431110001,-73.8485175309999],
		[40.6566163809999,-73.9446907899999],
		[40.585414381,-73.9653324339999],
		[40.690595268,-73.997877559],
		[40.6394788750001,-73.998452635],
		[40.646563994,-74.020914692],
		[43.223247441,-78.397592747],
		[40.6677617010001,-73.978990521],
		[40.6782330440001,-73.937368335],
		[40.703964041,-73.9177636969998],
		[40.7344316869999,-73.9829999619999],
		[42.2683514309999,-74.9163910029999],
		[40.7649233839999,-73.952314852],
		[40.773702681,-73.9608907719999],
		[42.1642747880001,-75.128717632],
		[40.7849269399999,-73.9445302289999],
		[40.7318530630001,-73.98448331],
		[40.8397632590001,-73.9412825769999],
		[40.7897675310001,-73.9532142739999],
		[40.7694121299999,-73.9868083949999],
		[40.7697165000001,-73.9530213479998],
		[40.622427822,-74.0753545949999],
		[40.754835748,-73.9562818489998],
		[40.7554099230001,-73.816465518],
		[40.7170722130001,-73.804556192],
		[40.744827363,-73.8860796649999],
		[40.7001036469999,-73.816114892],
		[40.598707984,-73.7535506159999],
		[40.72899467,-73.8515067069998],
		[40.6995226670001,-73.942378984],
		[40.7467722760001,-73.8254163829999],
		[40.6359024070001,-74.105937803],
		[40.5849846130001,-74.0862198859999],
		[42.9940394830001,-78.730238291],
		[42.6741833649999,-73.7486749989999],
		[40.7393200949999,-73.9753817459999],
		[40.8434925500001,-73.9111469449999],
		[42.819857616,-73.9173180909999],
		[40.871001397,-73.622385666],
		[40.6594404510001,-73.933545308],
		[40.7377399129999,-74.0007445659999],
		[40.7543432750001,-73.70810636],
		[43.081490457,-75.266601706],
		[40.9128983590001,-73.8405620029999],
		[40.9128060589999,-73.7877626009998],
		[40.618820103,-73.9429012399999],
		[40.76829506,-73.9248843399999],
		[40.873275237,-73.913050326],
		[41.027579511,-73.7539098829999],
		[41.2924646600001,-73.8926009879999],
		[42.5530252539999,-77.6977707839999],
		[41.935470038,-73.9131958269999],
		[43.098439038,-76.107389788],
		[43.0777060140001,-75.6544900699999],
		[43.4485619989999,-76.4899168569999],
		[40.7630474440001,-73.9546231719999],
		[40.81426493,-73.939861261],
		[40.8032851099999,-73.9416238539999],
		[40.8526890059999,-73.891362876],
		[42.3743291999999,-77.278906628],
		[40.9390674019999,-73.0543985059999],
		[42.6996275509999,-73.9052246059999],
		[42.733357751,-73.672666077]]